%YAML:1.0
---
distortion coefficients: !!opencv-matrix
   rows: 1
   cols: 5
   dt: d
   data: [ -3.3400528609822883e-01, 1.1594212351664045e-01,
       3.3565689359378171e-03, 8.8646852633496971e-04,
       -1.8394159987678495e-02 ]
camera matrix: !!opencv-matrix
   rows: 3
   cols: 3
   dt: d
   data: [ 2.5464311484135487e+02, 0., 3.1752569649742554e+02, 0.,
       2.5573794718144069e+02, 1.6503387573987860e+02, 0., 0., 1. ]
